11
1 2 520150.10215127596165984869003296
1 3 359916.72481225500814616680145264
1 4 674568.02753302897326648235321045
1 5 777993.38334287132602185010910034
1 6 454593.77544007450342178344726562
1 7 518978.77986199699807912111282349
1 8 448335.17006199364550411701202393
1 9 735603.32893208519089967012405396
1 10 168093.36623353275354020297527313
1 11 538948.33152472740039229393005371
2 1 520150.10215127596165984869003296
2 3 406215.97441120911389589309692383
2 4 307837.93913818913279101252555847
2 5 422168.49910551909124478697776794
2 6 339403.9036878524930216372013092
2 7 29485.526969486676534870639443398
2 8 484855.4008162795216776430606842
2 9 275338.62318657356081530451774597
2 10 682193.40347716235555708408355713
2 11 462932.16362091555492952466011047
3 1 359916.72481225500814616680145264
3 2 406215.97441120911389589309692383
3 4 689986.53193085943348705768585205
3 5 807924.96095972834154963493347168
3 6 122639.94455951951385941356420517
3 7 425655.01178686827188357710838318
3 8 106311.57937256043078377842903137
3 9 681236.92302806966472417116165161
3 10 508742.84143264411250129342079163
3 11 179110.92511251562973484396934509
4 1 674568.02753302897326648235321045
4 2 307837.93913818913279101252555847
4 3 689986.53193085943348705768585205
4 5 117942.10787794663337990641593933
4 6 642283.8505420483415946364402771
4 7 280345.19004330463940277695655823
4 8 780225.15322691388428211212158203
4 9 137669.31159328678040765225887299
4 10 804528.1510597177548334002494812
4 11 769171.10099430754780769348144531
5 1 777993.38334287132602185010910034
5 2 422168.49910551909124478697776794
5 3 807924.96095972834154963493347168
5 4 117942.10787794663337990641593933
5 6 758930.20047482976224273443222046
5 7 395589.8559370532166212797164917
5 8 897929.91332275175955146551132202
5 9 196028.86647006854764185845851898
5 10 898849.25444207526743412017822266
5 11 884811.48769205447752028703689575
6 1 454593.77544007450342178344726562
6 2 339403.9036878524930216372013092
6 3 122639.94455951951385941356420517
6 4 642283.8505420483415946364402771
6 5 758930.20047482976224273443222046
6 7 364119.39779682102380320429801941
6 8 152927.30458612661459483206272125
6 9 611211.57580430316738784313201904
6 10 613412.35635520995128899812698364
6 11 131863.28531235104310326278209686
7 1 518978.77986199699807912111282349
7 2 29485.526969486676534870639443398
7 3 425655.01178686827188357710838318
7 4 280345.19004330463940277695655823
7 5 395589.8559370532166212797164917
7 6 364119.39779682102380320429801941
7 8 507459.53952798829413950443267822
7 9 256032.18756709419540129601955414
7 10 678615.66476468241307884454727173
7 11 489228.78244640299817547202110291
8 1 448335.17006199364550411701202393
8 2 484855.4008162795216776430606842
8 3 106311.57937256043078377842903137
8 4 780225.15322691388428211212158203
8 5 897929.91332275175955146551132202
8 6 152927.30458612661459483206272125
8 7 507459.53952798829413950443267822
8 9 759331.03887779626529663801193237
8 10 584453.42546056222636252641677856
8 11 112277.54165322076005395501852036
9 1 735603.32893208519089967012405396
9 2 275338.62318657356081530451774597
9 3 681236.92302806966472417116165161
9 4 137669.31159328678040765225887299
9 5 196028.86647006854764185845851898
9 6 611211.57580430316738784313201904
9 7 256032.18756709419540129601955414
9 8 759331.03887779626529663801193237
9 10 880477.53026749379932880401611328
9 11 728775.82292381220031529664993286
10 1 168093.36623353275354020297527313
10 2 682193.40347716235555708408355713
10 3 508742.84143264411250129342079163
10 4 804528.1510597177548334002494812
10 5 898849.25444207526743412017822266
10 6 613412.35635520995128899812698364
10 7 678615.66476468241307884454727173
10 8 584453.42546056222636252641677856
10 9 880477.53026749379932880401611328
10 11 684673.99930212111212313175201416
11 1 538948.33152472740039229393005371
11 2 462932.16362091555492952466011047
11 3 179110.92511251562973484396934509
11 4 769171.10099430754780769348144531
11 5 884811.48769205447752028703689575
11 6 131863.28531235104310326278209686
11 7 489228.78244640299817547202110291
11 8 112277.54165322076005395501852036
11 9 728775.82292381220031529664993286
11 10 684673.99930212111212313175201416
