7
1 2 26.1725
1 3 117.516
1 4 54.3415
1 5 102.883
1 6 106.78
1 7 103.078
2 1 26.1725
2 3 102.201
2 4 30.8869
2 5 99.6092
2 6 97.7394
2 7 86.8332
3 1 117.516
3 2 102.201
3 4 75.1332
3 5 52.811
3 6 29.7321
3 7 15.6525
4 1 54.3415
4 2 30.8869
4 3 75.1332
4 5 85.5102
4 6 77.2334
4 7 59.4811
5 1 102.883
5 2 99.6092
5 3 52.811
5 4 85.5102
5 6 23.0868
5 7 53.0094
6 1 106.78
6 2 97.7394
6 3 29.7321
6 4 77.2334
6 5 23.0868
6 7 31.8904
7 1 103.078
7 2 86.8332
7 3 15.6525
7 4 59.4811
7 5 53.0094
7 6 31.8904
