41
1 2 2.36932
1 3 8.05451
1 4 1.2021
1 5 4.10913
1 6 7.28607
1 7 4.40981
1 8 6.45481
1 9 1.55166
1 10 6.31801
1 11 9.00596
1 12 4.30102
1 13 3.0547
1 14 3.25426
1 15 8.63371
1 16 3.9826
1 17 5.16454
1 18 0.94292
1 19 7.82301
1 20 3.22026
1 21 2.29888
1 22 5.64953
1 23 7.72208
1 24 5.43827
1 25 7.11289
1 26 4.37872
1 27 6.12238
1 28 4.67482
1 29 8.50513
1 30 3.38121
1 31 1.4977
1 32 6.18269
1 33 2.68335
1 34 5.54364
1 35 3.87256
1 36 8.80439
1 37 2.96892
1 38 6.16347
1 39 1.83752
1 40 6.23484
1 41 4.29163
2 1 2.36932
2 3 7.33279
2 4 2.37168
2 5 6.47459
2 6 5.31167
2 7 3.08978
2 8 4.89379
2 9 3.90323
2 10 6.22216
2 11 7.67216
2 12 2.52521
2 13 2.96209
2 14 5.15403
2 15 9.1811
2 16 4.59375
2 17 6.49256
2 18 3.28553
2 19 7.27189
2 20 1.91994
2 21 0.940839
2 22 4.13214
2 23 7.6627
2 24 3.38451
2 25 6.76008
2 26 5.59033
2 27 7.35844
2 28 2.88014
2 29 6.91312
2 30 5.48473
2 31 2.70356
2 32 6.58502
2 33 1.0216
2 34 5.4641
2 35 1.81368
2 36 9.07752
2 37 2.21394
2 38 3.90274
2 39 0.53183
2 40 4.49785
2 41 5.40834
3 1 8.05451
3 2 7.33279
3 4 9.0018
3 5 10.3157
3 6 4.80002
3 7 4.29375
3 8 3.36848
3 9 9.07593
3 10 2.35636
3 11 2.38784
3 12 9.36212
3 13 5.00022
3 14 7.4824
3 15 4.60344
3 16 4.74552
3 17 6.14817
3 18 8.71506
3 19 0.588009
3 20 9.19471
3 21 8.26792
3 22 3.68172
3 23 2.18028
3 24 5.33141
3 25 1.39655
3 26 5.78118
3 27 6.06915
3 28 4.92611
3 29 3.25604
3 30 8.20068
3 31 6.68423
3 32 3.58736
3 33 6.31247
3 34 2.85529
3 35 8.52057
3 36 3.71842
3 37 5.27889
3 38 6.27818
3 39 7.431
3 40 4.00997
3 41 5.56744
4 1 1.2021
4 2 2.37168
4 3 9.0018
4 5 4.63637
4 6 7.65477
4 7 5.07785
4 8 7.06
4 9 2.01878
4 10 7.40314
4 11 9.74004
4 12 3.57047
4 13 4.05186
4 14 4.35511
4 15 9.82346
4 16 5.15009
4 17 6.35409
4 18 1.50738
4 19 8.81663
4 20 2.41004
4 21 1.82884
4 22 6.26334
4 23 8.82731
4 24 5.7375
4 25 8.14994
4 26 5.57899
4 27 7.31516
4 28 5.12829
4 29 9.11359
4 30 4.37226
4 31 2.6632
4 32 7.34804
4 33 3.08289
4 34 6.62173
4 35 3.35466
4 36 9.96755
4 37 3.75846
4 38 6.26231
4 39 1.92873
4 40 6.74558
4 41 5.49372
5 1 4.10913
5 2 6.47459
5 3 10.3157
5 4 4.63637
5 6 10.9861
5 7 7.83747
5 8 9.82065
5 9 2.644
5 10 8.06021
5 11 11.9232
5 12 8.20443
5 13 5.93823
5 14 2.8519
5 15 8.8998
5 16 5.57167
5 17 4.86865
5 18 3.24102
5 19 9.89515
5 20 7.04638
5 21 6.32652
5 22 9.05762
5 23 9.12847
5 24 9.28797
5 25 9.03732
5 26 4.7353
5 27 5.64968
5 28 8.39787
5 29 11.7503
5 30 2.14686
5 31 4.38124
5 32 7.23137
5 33 6.62178
5 34 7.46169
5 35 7.91189
5 36 9.51192
5 37 6.39466
5 38 10.1532
5 39 5.94315
5 40 9.77855
5 41 4.88179
6 1 7.28607
6 2 5.31167
6 3 4.80002
6 4 7.65477
6 5 10.9861
6 7 3.19393
6 8 1.68855
6 9 8.78272
6 10 5.69372
6 11 3.44735
6 12 6.15787
6 13 5.17322
6 14 8.67883
6 15 8.9507
6 16 6.37988
6 17 8.61552
6 18 8.21118
6 19 5.1836
6 20 6.56542
6 21 6.11337
6 22 2.12862
6 23 6.55928
6 24 1.92963
6 25 5.37784
6 26 7.83304
6 27 9.04736
6 28 2.61974
6 29 2.22296
6 30 9.29898
6 31 6.6053
6 32 6.9091
6 33 4.62415
6 34 5.42738
6 35 5.45876
6 36 8.27125
6 37 4.59244
6 38 2.00615
6 39 5.72613
6 40 1.32224
6 41 7.56996
7 1 4.40981
7 2 3.08978
7 3 4.29375
7 4 5.07785
7 5 7.83747
7 6 3.19393
7 8 2.05162
7 9 5.79618
7 10 3.68701
7 11 4.66346
7 12 5.09509
7 13 1.98079
7 14 5.48712
7 15 6.99649
7 16 3.35635
7 17 5.64149
7 18 5.27401
7 19 4.30793
7 20 4.90819
7 21 4.03046
7 22 1.25064
7 23 5.01607
7 24 1.92547
7 25 3.94786
7 26 4.79238
7 27 6.22474
7 28 0.985683
7 29 4.09568
7 30 6.10533
7 31 3.47989
7 32 4.52606
7 33 2.09398
7 34 3.0774
7 35 4.25057
7 36 6.62869
7 37 1.47942
7 38 3.09569
7 39 3.28099
7 40 1.94174
7 41 4.53489
8 1 6.45481
8 2 4.89379
8 3 3.36848
8 4 7.06
8 5 9.82065
8 6 1.68855
8 7 2.05162
8 9 7.84654
8 10 4.00683
8 11 2.81499
8 12 6.40333
8 13 3.88625
8 14 7.32506
8 15 7.28621
8 16 4.84844
8 17 7.02711
8 18 7.32536
8 19 3.65878
8 20 6.51156
8 21 5.80528
8 22 0.80539
8 23 4.92884
8 24 2.05748
8 25 3.74115
8 26 6.28746
8 27 7.40561
8 28 2.03187
8 29 2.05676
8 30 7.98566
8 31 5.50479
8 32 5.22359
8 33 3.99148
8 34 3.74998
8 35 5.599
8 36 6.6459
8 37 3.52759
8 38 2.91189
8 39 5.18754
8 40 0.645326
8 41 6.02444
9 1 1.55166
9 2 3.90323
9 3 9.07593
9 4 2.01878
9 5 2.644
9 6 8.78272
9 7 5.79618
9 8 7.84654
9 10 7.09916
9 11 10.2719
9 12 5.57044
9 13 4.16688
9 14 2.7908
9 15 8.91332
9 16 4.57151
9 17 5.05747
9 18 0.617784
9 19 8.76995
9 20 4.41978
9 21 3.68548
9 22 7.04674
9 23 8.41393
9 24 6.96448
9 25 7.98815
9 26 4.46377
9 27 6.01587
9 28 6.16331
9 29 9.87474
9 30 2.57774
9 31 2.42881
9 32 6.68218
9 33 4.21667
9 34 6.36667
9 35 5.26931
9 36 9.25631
9 37 4.31914
9 38 7.71387
9 39 3.37365
9 40 7.68136
9 41 4.46804
10 1 6.31801
10 2 6.22216
10 3 2.35636
10 4 7.40314
10 5 8.06021
10 6 5.69372
10 7 3.68701
10 8 4.00683
10 9 7.09916
10 11 4.49106
10 12 8.58617
10 13 3.39163
10 14 5.20941
10 15 3.35913
10 16 2.56109
10 17 3.79842
10 18 6.8292
10 19 1.86009
10 20 8.14134
10 21 7.08959
10 22 3.8177
10 23 1.4474
10 24 5.3864
10 25 0.987301
10 26 3.43804
10 27 3.80195
10 28 4.61716
10 29 4.95265
10 30 5.9224
10 31 4.84303
10 32 1.33802
10 33 5.24229
10 34 0.783314
10 35 7.75474
10 36 2.94568
10 37 4.0085
10 38 6.53218
10 39 6.16054
10 40 4.50188
10 41 3.23513
11 1 9.00596
11 2 7.67216
11 3 2.38784
11 4 9.74004
11 5 11.9232
11 6 3.44735
11 7 4.66346
11 8 2.81499
11 9 10.2719
11 10 4.49106
11 12 9.19297
11 13 6.11749
11 14 9.19321
11 15 6.97974
11 16 6.45869
11 17 8.2327
11 18 9.80938
11 19 2.96973
11 20 9.32619
11 21 8.59638
11 22 3.54111
11 23 4.56806
11 24 4.7833
11 25 3.6621
11 26 7.71689
11 27 8.29259
11 28 4.84097
11 29 1.2765
11 30 9.90268
11 31 7.84967
11 32 5.81384
11 33 6.72682
11 34 4.73719
11 35 8.40094
11 36 6.05813
11 37 6.0394
11 38 5.35936
11 39 7.92567
11 40 3.35006
11 41 7.47511
12 1 4.30102
12 2 2.52521
12 3 9.36212
12 4 3.57047
12 5 8.20443
12 6 6.15787
12 7 5.09509
12 8 6.40333
12 9 5.57044
12 10 8.58617
12 11 9.19297
12 13 5.45825
12 14 7.46126
12 15 11.661
12 16 7.11667
12 17 8.98822
12 18 5.00566
12 19 9.40278
12 20 1.16712
12 21 2.03199
12 22 5.79194
12 23 10.001
12 24 4.42286
12 25 9.00747
12 26 8.09432
12 27 9.87058
12 28 4.47113
12 29 8.19164
12 30 7.67174
12 31 5.11912
12 32 9.06478
12 33 3.37755
12 34 7.85785
12 35 0.844592
12 36 11.4966
12 37 4.63926
12 38 4.22787
12 39 2.85299
12 40 5.84299
12 41 7.92082
13 1 3.0547
13 2 2.96209
13 3 5.00022
13 4 4.05186
13 5 5.93823
13 6 5.17322
13 7 1.98079
13 8 3.88625
13 9 4.16688
13 10 3.39163
13 11 6.11749
13 12 5.45825
13 14 3.50634
13 15 6.21913
13 16 1.72698
13 17 3.91257
13 18 3.74544
13 19 4.77591
13 20 4.84551
13 21 3.75705
13 22 3.14079
13 23 4.83561
13 24 3.76186
13 25 4.09867
13 26 3.01057
13 27 4.6479
13 28 2.77589
13 29 5.82351
13 30 4.13091
13 31 1.73814
13 32 3.62368
13 33 2.10999
13 34 2.60949
13 35 4.67718
13 36 6.14802
13 37 0.914456
13 38 4.86163
13 39 2.81014
13 40 3.89877
13 41 2.77384
14 1 3.25426
14 2 5.15403
14 3 7.4824
14 4 4.35511
14 5 2.8519
14 6 8.67883
14 7 5.48712
14 8 7.32506
14 9 2.7908
14 10 5.20941
14 11 9.19321
14 12 7.46126
14 13 3.50634
14 15 6.31697
14 16 2.75659
14 17 2.31805
14 18 2.9636
14 19 7.04964
14 20 6.44202
14 21 5.42948
14 22 6.61923
14 23 6.29391
14 24 7.20072
14 25 6.18858
14 26 1.93372
14 27 3.25375
14 28 6.23265
14 29 9.14107
14 30 0.718683
14 31 2.47786
14 32 4.41064
14 33 4.8742
14 34 4.62742
14 35 6.90911
14 36 6.8075
14 37 4.20279
14 38 8.22799
14 39 4.68824
14 40 7.39495
14 41 2.04847
15 1 8.63371
15 2 9.1811
15 3 4.60344
15 4 9.82346
15 5 8.8998
15 6 8.9507
15 7 6.99649
15 8 7.28621
15 9 8.91332
15 10 3.35913
15 11 6.97974
15 12 11.661
15 13 6.21913
15 14 6.31697
15 16 4.70489
15 17 4.04805
15 18 8.8517
15 19 4.04205
15 20 11.0543
15 21 9.95329
15 22 7.16873
15 23 2.45925
15 24 8.74431
15 25 3.59245
15 26 4.45582
15 27 3.2716
15 28 7.9518
15 29 7.81506
15 30 6.88459
15 31 7.16476
15 32 2.59707
15 33 8.28493
15 34 3.92205
15 35 10.8578
15 36 1.04914
15 37 7.024
15 38 9.89117
15 39 9.00271
15 40 7.82326
15 41 4.44735
16 1 3.9826
16 2 4.59375
16 3 4.74552
16 4 5.15009
16 5 5.57167
16 6 6.37988
16 7 3.35635
16 8 4.84844
16 9 4.57151
16 10 2.56109
16 11 6.45869
16 12 7.11667
16 13 1.72698
16 14 2.75659
16 15 4.70489
16 17 2.28544
16 18 4.35666
16 19 4.34358
16 20 6.40368
16 21 5.29371
16 22 4.25175
16 23 3.8426
16 24 5.27021
16 25 3.50494
16 26 1.45389
16 27 2.93753
16 28 4.29302
16 29 6.50152
16 30 3.47423
16 31 2.48887
16 32 2.20016
16 33 3.81928
16 34 1.89697
16 35 6.36152
16 36 4.82181
16 37 2.63855
16 38 6.42262
16 39 4.34889
16 40 5.05791
16 41 1.19142
17 1 5.16454
17 2 6.49256
17 3 6.14817
17 4 6.35409
17 5 4.86865
17 6 8.61552
17 7 5.64149
17 8 7.02711
17 9 5.05747
17 10 3.79842
17 11 8.2327
17 12 8.98822
17 13 3.91257
17 14 2.31805
17 15 4.04805
17 16 2.28544
17 18 5.12523
17 19 5.62074
17 20 8.11617
17 21 7.02244
17 22 6.48996
17 23 4.49649
17 24 7.55495
17 25 4.75589
17 26 0.913889
17 27 0.967511
17 28 6.57575
17 29 8.49636
17 30 2.84013
17 31 3.90925
17 32 2.62378
17 33 5.88402
17 34 3.51158
17 35 8.30549
17 36 4.64991
17 37 4.81761
17 38 8.70379
17 39 6.13666
17 40 7.29496
17 41 1.13877
18 1 0.94292
18 2 3.28553
18 3 8.71506
18 4 1.50738
18 5 3.24102
18 6 8.21118
18 7 5.27401
18 8 7.32536
18 9 0.617784
18 10 6.8292
18 11 9.80938
18 12 5.00566
18 13 3.74544
18 14 2.9636
18 15 8.8517
18 16 4.35666
18 17 5.12523
18 19 8.43898
18 20 3.86787
18 21 3.0866
18 22 6.52206
18 23 8.18531
18 24 6.37556
18 25 7.68397
18 26 4.44666
18 27 6.0924
18 28 5.59466
18 29 9.36558
18 30 2.89297
18 31 2.0309
18 32 6.52218
18 33 3.62233
18 34 6.07608
18 35 4.67295
18 36 9.12697
18 37 3.8067
18 38 7.10567
18 39 2.75618
18 40 7.13453
18 41 4.41447
19 1 7.82301
19 2 7.27189
19 3 0.588009
19 4 8.81663
19 5 9.89515
19 6 5.1836
19 7 4.30793
19 8 3.65878
19 9 8.76995
19 10 1.86009
19 11 2.96973
19 12 9.40278
19 13 4.77591
19 14 7.04964
19 15 4.04205
19 16 4.34358
19 17 5.62074
19 18 8.43898
19 20 9.16255
19 21 8.19657
19 22 3.85895
19 23 1.60127
19 24 5.53177
19 25 0.873745
19 26 5.29802
19 27 5.50613
19 28 5.03065
19 29 3.78298
19 30 7.76571
19 31 6.41194
19 32 3.03366
19 33 6.25097
19 34 2.44804
19 35 8.55834
19 36 3.19017
19 37 5.14944
19 38 6.53868
19 39 7.32836
19 40 4.28495
19 41 5.0944
20 1 3.22026
20 2 1.91994
20 3 9.19471
20 4 2.41004
20 5 7.04638
20 6 6.56542
20 7 4.90819
20 8 6.51156
20 9 4.41978
20 10 8.14134
20 11 9.32619
20 12 1.16712
20 13 4.84551
20 14 6.44202
20 15 11.0543
20 16 6.40368
20 17 8.11617
20 18 3.86787
20 19 9.16255
20 21 1.11132
20 22 5.81188
20 23 9.58253
20 24 4.69347
20 25 8.67321
20 26 7.24502
20 27 9.0301
20 28 4.48931
20 29 8.43717
20 30 6.60133
20 31 4.20803
20 32 8.46441
20 33 2.92388
20 34 7.38094
20 35 1.23195
20 36 10.9844
20 37 4.13284
20 38 4.78185
20 39 2.05584
20 40 6.02068
20 41 7.09373
21 1 2.29888
21 2 0.940839
21 3 8.26792
21 4 1.82884
21 5 6.32652
21 6 6.11337
21 7 4.03046
21 8 5.80528
21 9 3.68548
21 10 7.08959
21 11 8.59638
21 12 2.03199
21 13 3.75705
21 14 5.42948
21 15 9.95329
21 16 5.29371
21 17 7.02244
21 18 3.0866
21 19 8.19657
21 20 1.11132
21 22 5.05531
21 23 8.53528
21 24 4.18673
21 25 7.66437
21 26 6.14469
21 27 7.92922
21 28 3.77882
21 29 7.8063
21 30 5.64829
21 31 3.12141
21 32 7.36735
21 33 1.9559
21 34 6.32102
21 35 1.58676
21 36 9.90404
21 37 3.09164
21 38 4.54103
21 39 0.950639
21 40 5.38234
21 41 5.98892
22 1 5.64953
22 2 4.13214
22 3 3.68172
22 4 6.26334
22 5 9.05762
22 6 2.12862
22 7 1.25064
22 8 0.80539
22 9 7.04674
22 10 3.8177
22 11 3.54111
22 12 5.79194
22 13 3.14079
22 14 6.61923
22 15 7.16873
22 16 4.25175
22 17 6.48996
22 18 6.52206
22 19 3.85895
22 20 5.81188
22 21 5.05531
22 23 4.92679
22 24 1.67498
22 25 3.75554
22 26 5.7046
22 27 6.94774
22 28 1.33046
22 29 2.8605
22 30 7.26445
22 31 4.72004
22 32 4.92093
22 33 3.20511
22 34 3.41637
22 35 4.96763
22 36 6.62886
22 37 2.72959
22 38 2.74656
22 39 4.40408
22 40 0.806385
22 41 5.44147
23 1 7.72208
23 2 7.6627
23 3 2.18028
23 4 8.82731
23 5 9.12847
23 6 6.55928
23 7 5.01607
23 8 4.92884
23 9 8.41393
23 10 1.4474
23 11 4.56806
23 12 10.001
23 13 4.83561
23 14 6.29391
23 15 2.45925
23 16 3.8426
23 17 4.49649
23 18 8.18531
23 19 1.60127
23 20 9.58253
23 21 8.53528
23 22 4.92679
23 24 6.57329
23 25 1.18793
23 26 4.39696
23 27 4.18464
23 28 5.895
23 29 5.35722
23 30 6.98336
23 31 6.23405
23 32 1.90691
23 33 6.67542
23 34 2.22641
23 35 9.16479
23 36 1.71712
23 37 5.45046
23 38 7.67316
23 39 7.60763
23 40 5.50529
23 41 4.24833
24 1 5.43827
24 2 3.38451
24 3 5.33141
24 4 5.7375
24 5 9.28797
24 6 1.92963
24 7 1.92547
24 8 2.05748
24 9 6.96448
24 10 5.3864
24 11 4.7833
24 12 4.42286
24 13 3.76186
24 14 7.20072
24 15 8.74431
24 16 5.27021
24 17 7.55495
24 18 6.37556
24 19 5.53177
24 20 4.69347
24 21 4.18673
24 22 1.67498
24 23 6.57329
24 25 5.41428
24 26 6.69193
24 27 8.15021
24 28 0.988027
24 29 3.77484
24 30 7.761
24 31 4.9328
24 32 6.37144
24 33 2.75532
24 34 4.88106
24 35 3.65741
24 36 8.26105
24 37 2.99882
24 38 1.17746
24 39 3.81126
24 40 1.44498
24 41 6.43786
25 1 7.11289
25 2 6.76008
25 3 1.39655
25 4 8.14994
25 5 9.03732
25 6 5.37784
25 7 3.94786
25 8 3.74115
25 9 7.98815
25 10 0.987301
25 11 3.6621
25 12 9.00747
25 13 4.09867
25 14 6.18858
25 15 3.59245
25 16 3.50494
25 17 4.75589
25 18 7.68397
25 19 0.873745
25 20 8.67321
25 21 7.66437
25 22 3.75554
25 23 1.18793
25 24 5.41428
25 26 4.42462
25 27 4.67982
25 28 4.78007
25 29 4.29476
25 30 6.90322
25 31 5.66924
25 32 2.19402
25 33 5.7494
25 34 1.62537
25 35 8.16493
25 36 2.90502
25 37 4.57841
25 38 6.49919
25 39 6.76454
25 40 4.31847
25 41 4.22241
26 1 4.37872
26 2 5.59033
26 3 5.78118
26 4 5.57899
26 5 4.7353
26 6 7.83304
26 7 4.79238
26 8 6.28746
26 9 4.46377
26 10 3.43804
26 11 7.71689
26 12 8.09432
26 13 3.01057
26 14 1.93372
26 15 4.45582
26 16 1.45389
26 17 0.913889
26 18 4.44666
26 19 5.29802
26 20 7.24502
26 21 6.14469
26 22 5.7046
26 23 4.39696
26 24 6.69193
26 25 4.42462
26 27 1.7851
26 28 5.70784
26 29 7.8695
26 30 2.59623
26 31 3.05051
26 32 2.49618
26 33 4.97026
26 34 2.98997
26 35 7.4018
26 36 4.88425
26 37 3.9107
26 38 7.83038
26 39 5.2465
26 40 6.51091
26 41 0.263369
27 1 6.12238
27 2 7.35844
27 3 6.06915
27 4 7.31516
27 5 5.64968
27 6 9.04736
27 7 6.22474
27 8 7.40561
27 9 6.01587
27 10 3.80195
27 11 8.29259
27 12 9.87058
27 13 4.6479
27 14 3.25375
27 15 3.2716
27 16 2.93753
27 17 0.967511
27 18 6.0924
27 19 5.50613
27 20 9.0301
27 21 7.92922
27 22 6.94774
27 23 4.18464
27 24 8.15021
27 25 4.67982
27 26 1.7851
27 28 7.18972
27 29 8.69639
27 30 3.71878
27 31 4.83314
27 32 2.48756
27 33 6.69135
27 34 3.71247
27 35 9.16554
27 36 4.00643
27 37 5.5623
27 38 9.31758
27 39 7.02695
27 40 7.74122
27 41 1.95024
28 1 4.67482
28 2 2.88014
28 3 4.92611
28 4 5.12829
28 5 8.39787
28 6 2.61974
28 7 0.985683
28 8 2.03187
28 9 6.16331
28 10 4.61716
28 11 4.84097
28 12 4.47113
28 13 2.77589
28 14 6.23265
28 15 7.9518
28 16 4.29302
28 17 6.57575
28 18 5.59466
28 19 5.03065
28 20 4.48931
28 21 3.77882
28 22 1.33046
28 23 5.895
28 24 0.988027
28 25 4.78007
28 26 5.70784
28 27 7.18972
28 29 4.03304
28 30 6.80734
28 31 4.02099
28 32 5.5056
28 33 2.0494
28 34 4.04288
28 35 3.64181
28 36 7.5429
28 37 2.04161
28 38 2.13036
28 39 3.21562
28 40 1.62298
28 41 5.45488
29 1 8.50513
29 2 6.91312
29 3 3.25604
29 4 9.11359
29 5 11.7503
29 6 2.22296
29 7 4.09568
29 8 2.05676
29 9 9.87474
29 10 4.95265
29 11 1.2765
29 12 8.19164
29 13 5.82351
29 14 9.14107
29 15 7.81506
29 16 6.50152
29 17 8.49636
29 18 9.36558
29 19 3.78298
29 20 8.43717
29 21 7.8063
29 22 2.8605
29 23 5.35722
29 24 3.77484
29 25 4.29476
29 26 7.8695
29 27 8.69639
29 28 4.03304
29 30 9.82882
29 31 7.50071
29 32 6.28721
29 33 6.03861
29 34 5.00246
29 35 7.43213
29 36 6.96895
29 37 5.5597
29 38 4.19473
29 39 7.22997
29 40 2.42633
29 41 7.61381
30 1 3.38121
30 2 5.48473
30 3 8.20068
30 4 4.37226
30 5 2.14686
30 6 9.29898
30 7 6.10533
30 8 7.98566
30 9 2.57774
30 10 5.9224
30 11 9.90268
30 12 7.67174
30 13 4.13091
30 14 0.718683
30 15 6.88459
30 16 3.47423
30 17 2.84013
30 18 2.89297
30 19 7.76571
30 20 6.60133
30 21 5.64829
30 22 7.26445
30 23 6.98336
30 24 7.761
30 25 6.90322
30 26 2.59623
30 27 3.71878
30 28 6.80734
30 29 9.82882
30 31 2.90523
30 32 5.08983
30 33 5.32053
30 34 5.34587
30 35 7.18116
30 36 7.42869
30 37 4.76642
30 38 8.75245
30 39 4.99011
30 40 8.02955
30 41 2.73552
31 1 1.4977
31 2 2.70356
31 3 6.68423
31 4 2.6632
31 5 4.38124
31 6 6.6053
31 7 3.47989
31 8 5.50479
31 9 2.42881
31 10 4.84303
31 11 7.84967
31 12 5.11912
31 13 1.73814
31 14 2.47786
31 15 7.16476
31 16 2.48887
31 17 3.90925
31 18 2.0309
31 19 6.41194
31 20 4.20803
31 21 3.12141
31 22 4.72004
31 23 6.23405
31 24 4.9328
31 25 5.66924
31 26 3.05051
31 27 4.83314
31 28 4.02099
31 29 7.50071
31 30 2.90523
31 32 4.68866
31 33 2.41614
31 34 4.07625
31 35 4.49608
31 36 7.30991
31 37 2.01707
31 38 5.8716
31 39 2.27628
31 40 5.41319
31 41 2.92027
32 1 6.18269
32 2 6.58502
32 3 3.58736
32 4 7.34804
32 5 7.23137
32 6 6.9091
32 7 4.52606
32 8 5.22359
32 9 6.68218
32 10 1.33802
32 11 5.81384
32 12 9.06478
32 13 3.62368
32 14 4.41064
32 15 2.59707
32 16 2.20016
32 17 2.62378
32 18 6.52218
32 19 3.03366
32 20 8.46441
32 21 7.36735
32 22 4.92093
32 23 1.90691
32 24 6.37144
32 25 2.19402
32 26 2.49618
32 27 2.48756
32 28 5.5056
32 29 6.28721
32 30 5.08983
32 31 4.68866
32 33 5.6899
32 34 1.50532
32 35 8.26436
32 36 2.62171
32 37 4.43001
32 38 7.54376
32 39 6.41688
32 40 5.66199
32 41 2.3625
33 1 2.68335
33 2 1.0216
33 3 6.31247
33 4 3.08289
33 5 6.62178
33 6 4.62415
33 7 2.09398
33 8 3.99148
33 9 4.21667
33 10 5.24229
33 11 6.72682
33 12 3.37755
33 13 2.10999
33 14 4.8742
33 15 8.28493
33 16 3.81928
33 17 5.88402
33 18 3.62233
33 19 6.25097
33 20 2.92388
33 21 1.9559
33 22 3.20511
33 23 6.67542
33 24 2.75532
33 25 5.7494
33 26 4.97026
33 27 6.69135
33 28 2.0494
33 29 6.03861
33 30 5.32053
33 31 2.41614
33 32 5.6899
33 34 4.49697
33 35 2.57587
33 36 8.12896
33 37 1.26172
33 38 3.5318
33 39 1.19967
33 40 3.66293
33 41 4.76105
34 1 5.54364
34 2 5.4641
34 3 2.85529
34 4 6.62173
34 5 7.46169
34 6 5.42738
34 7 3.0774
34 8 3.74998
34 9 6.36667
34 10 0.783314
34 11 4.73719
34 12 7.85785
34 13 2.60949
34 14 4.62742
34 15 3.92205
34 16 1.89697
34 17 3.51158
34 18 6.07608
34 19 2.44804
34 20 7.38094
34 21 6.32102
34 22 3.41637
34 23 2.22641
34 24 4.88106
34 25 1.62537
34 26 2.98997
34 27 3.71247
34 28 4.04288
34 29 5.00246
34 30 5.34587
34 31 4.07625
34 32 1.50532
34 33 4.49697
34 35 7.03266
34 36 3.64014
34 37 3.251
34 38 6.04927
34 39 5.38768
34 40 4.16436
34 41 2.75719
35 1 3.87256
35 2 1.81368
35 3 8.52057
35 4 3.35466
35 5 7.91189
35 6 5.45876
35 7 4.25057
35 8 5.599
35 9 5.26931
35 10 7.75474
35 11 8.40094
35 12 0.844592
35 13 4.67718
35 14 6.90911
35 15 10.8578
35 16 6.36152
35 17 8.30549
35 18 4.67295
35 19 8.55834
35 20 1.23195
35 21 1.58676
35 22 4.96763
35 23 9.16479
35 24 3.65741
35 25 8.16493
35 26 7.4018
35 27 9.16554
35 28 3.64181
35 29 7.43213
35 30 7.18116
35 31 4.49608
35 32 8.26436
35 33 2.57587
35 34 7.03266
35 36 10.6727
35 37 3.83435
35 38 3.60018
35 39 2.22522
35 40 5.05511
35 41 7.21634
36 1 8.80439
36 2 9.07752
36 3 3.71842
36 4 9.96755
36 5 9.51192
36 6 8.27125
36 7 6.62869
36 8 6.6459
36 9 9.25631
36 10 2.94568
36 11 6.05813
36 12 11.4966
36 13 6.14802
36 14 6.8075
36 15 1.04914
36 16 4.82181
36 17 4.64991
36 18 9.12697
36 19 3.19017
36 20 10.9844
36 21 9.90404
36 22 6.62886
36 23 1.71712
36 24 8.26105
36 25 2.90502
36 26 4.88425
36 27 4.00643
36 28 7.5429
36 29 6.96895
36 30 7.42869
36 31 7.30991
36 32 2.62171
36 33 8.12896
36 34 3.64014
36 35 10.6727
36 37 6.87383
36 38 9.37479
36 39 8.95814
36 40 7.22103
36 41 4.82136
37 1 2.96892
37 2 2.21394
37 3 5.27889
37 4 3.75846
37 5 6.39466
37 6 4.59244
37 7 1.47942
37 8 3.52759
37 9 4.31914
37 10 4.0085
37 11 6.0394
37 12 4.63926
37 13 0.914456
37 14 4.20279
37 15 7.024
37 16 2.63855
37 17 4.81761
37 18 3.8067
37 19 5.14944
37 20 4.13284
37 21 3.09164
37 22 2.72959
37 23 5.45046
37 24 2.99882
37 25 4.57841
37 26 3.9107
37 27 5.5623
37 28 2.04161
37 29 5.5597
37 30 4.76642
37 31 2.01707
37 32 4.43001
37 33 1.26172
37 34 3.251
37 35 3.83435
37 36 6.87383
37 38 4.04143
37 39 2.18697
37 40 3.39893
37 41 3.67924
38 1 6.16347
38 2 3.90274
38 3 6.27818
38 4 6.26231
38 5 10.1532
38 6 2.00615
38 7 3.09569
38 8 2.91189
38 9 7.71387
38 10 6.53218
38 11 5.35936
38 12 4.22787
38 13 4.86163
38 14 8.22799
38 15 9.89117
38 16 6.42262
38 17 8.70379
38 18 7.10567
38 19 6.53868
38 20 4.78185
38 21 4.54103
38 22 2.74656
38 23 7.67316
38 24 1.17746
38 25 6.49919
38 26 7.83038
38 27 9.31758
38 28 2.13036
38 29 4.19473
38 30 8.75245
38 31 5.8716
38 32 7.54376
38 33 3.5318
38 34 6.04927
38 35 3.60018
38 36 9.37479
38 37 4.04143
38 39 4.39874
38 40 2.26837
38 41 7.57941
39 1 1.83752
39 2 0.53183
39 3 7.431
39 4 1.92873
39 5 5.94315
39 6 5.72613
39 7 3.28099
39 8 5.18754
39 9 3.37365
39 10 6.16054
39 11 7.92567
39 12 2.85299
39 13 2.81014
39 14 4.68824
39 15 9.00271
39 16 4.34889
39 17 6.13666
39 18 2.75618
39 19 7.32836
39 20 2.05584
39 21 0.950639
39 22 4.40408
39 23 7.60763
39 24 3.81126
39 25 6.76454
39 26 5.2465
39 27 7.02695
39 28 3.21562
39 29 7.22997
39 30 4.99011
39 31 2.27628
39 32 6.41688
39 33 1.19967
39 34 5.38768
39 35 2.22522
39 36 8.95814
39 37 2.18697
39 38 4.39874
39 40 4.83794
39 41 5.07977
40 1 6.23484
40 2 4.49785
40 3 4.00997
40 4 6.74558
40 5 9.77855
40 6 1.32224
40 7 1.94174
40 8 0.645326
40 9 7.68136
40 10 4.50188
40 11 3.35006
40 12 5.84299
40 13 3.89877
40 14 7.39495
40 15 7.82326
40 16 5.05791
40 17 7.29496
40 18 7.13453
40 19 4.28495
40 20 6.02068
40 21 5.38234
40 22 0.806385
40 23 5.50529
40 24 1.44498
40 25 4.31847
40 26 6.51091
40 27 7.74122
40 28 1.62298
40 29 2.42633
40 30 8.02955
40 31 5.41319
40 32 5.66199
40 33 3.66293
40 34 4.16436
40 35 5.05511
40 36 7.22103
40 37 3.39893
40 38 2.26837
40 39 4.83794
40 41 6.2478
41 1 4.29163
41 2 5.40834
41 3 5.56744
41 4 5.49372
41 5 4.88179
41 6 7.56996
41 7 4.53489
41 8 6.02444
41 9 4.46804
41 10 3.23513
41 11 7.47511
41 12 7.92082
41 13 2.77384
41 14 2.04847
41 15 4.44735
41 16 1.19142
41 17 1.13877
41 18 4.41447
41 19 5.0944
41 20 7.09373
41 21 5.98892
41 22 5.44147
41 23 4.24833
41 24 6.43786
41 25 4.22241
41 26 0.263369
41 27 1.95024
41 28 5.45488
41 29 7.61381
41 30 2.73552
41 31 2.92027
41 32 2.3625
41 33 4.76105
41 34 2.75719
41 35 7.21634
41 36 4.82136
41 37 3.67924
41 38 7.57941
41 39 5.07977
41 40 6.2478
